Running simulation... 
[[0.         0.         0.         0.         0.01772972 0.04503161
  0.08509913 0.12305801 0.13883435 0.12305801 0.08509913 0.04503161
  0.01772972 0.         0.         0.         0.        ]
 [0.         0.         0.         0.03952843 0.12305801 0.2788471
  0.47991436 0.65229679 0.72008697 0.65229679 0.47991436 0.2788471
  0.12305801 0.03952843 0.         0.         0.        ]
 [0.         0.         0.05125021 0.19790902 0.53249185 1.04972297
  1.60478194 2.01176795 2.15763003 2.01176795 1.60478194 1.04972297
  0.53249185 0.19790902 0.05125021 0.         0.        ]
 [0.         0.03952843 0.19790902 0.65229679 1.48088041 2.46035224
  3.22630584 3.62498974 3.7348485  3.62498974 3.22630584 2.46035224
  1.48088041 0.65229679 0.19790902 0.03952843 0.        ]
 [0.01772972 0.12305801 0.53249185 1.48088041 2.77078491 3.7348485
  3.99914807 3.84711432 3.7348485  3.84711432 3.99914807 3.7348485
  2.77078491 1.48088041 0.53249185 0.12305801 0.01772972]
 [0.04503161 0.2788471  1.04972297 2.46035224 3.7348485  3.92797183
  3.21171498 2.44818655 2.15763003 2.44818655 3.21171498 3.92797183
  3.7348485  2.46035224 1.04972297 0.2788471  0.04503161]
 [0.08509913 0.47991436 1.60478194 3.22630584 3.99914807 3.21171498
  1.85841152 0.98034786 0.72008697 0.98034786 1.85841152 3.21171498
  3.99914807 3.22630584 1.60478194 0.47991436 0.08509913]
 [0.12305801 0.65229679 2.01176795 3.62498974 3.84711432 2.44818655
  0.98034786 0.29344276 0.13883435 0.29344276 0.98034786 2.44818655
  3.84711432 3.62498974 2.01176795 0.65229679 0.12305801]
 [0.13883435 0.72008697 2.15763003 3.7348485  3.7348485  2.15763003
  0.72008697 0.13883435 0.01546368 0.13883435 0.72008697 2.15763003
  3.7348485  3.7348485  2.15763003 0.72008697 0.13883435]
 [0.12305801 0.65229679 2.01176795 3.62498974 3.84711432 2.44818655
  0.98034786 0.29344276 0.13883435 0.29344276 0.98034786 2.44818655
  3.84711432 3.62498974 2.01176795 0.65229679 0.12305801]
 [0.08509913 0.47991436 1.60478194 3.22630584 3.99914807 3.21171498
  1.85841152 0.98034786 0.72008697 0.98034786 1.85841152 3.21171498
  3.99914807 3.22630584 1.60478194 0.47991436 0.08509913]
 [0.04503161 0.2788471  1.04972297 2.46035224 3.7348485  3.92797183
  3.21171498 2.44818655 2.15763003 2.44818655 3.21171498 3.92797183
  3.7348485  2.46035224 1.04972297 0.2788471  0.04503161]
 [0.01772972 0.12305801 0.53249185 1.48088041 2.77078491 3.7348485
  3.99914807 3.84711432 3.7348485  3.84711432 3.99914807 3.7348485
  2.77078491 1.48088041 0.53249185 0.12305801 0.01772972]
 [0.         0.03952843 0.19790902 0.65229679 1.48088041 2.46035224
  3.22630584 3.62498974 3.7348485  3.62498974 3.22630584 2.46035224
  1.48088041 0.65229679 0.19790902 0.03952843 0.        ]
 [0.         0.         0.05125021 0.19790902 0.53249185 1.04972297
  1.60478194 2.01176795 2.15763003 2.01176795 1.60478194 1.04972297
  0.53249185 0.19790902 0.05125021 0.         0.        ]
 [0.         0.         0.         0.03952843 0.12305801 0.2788471
  0.47991436 0.65229679 0.72008697 0.65229679 0.47991436 0.2788471
  0.12305801 0.03952843 0.         0.         0.        ]
 [0.         0.         0.         0.         0.01772972 0.04503161
  0.08509913 0.12305801 0.13883435 0.12305801 0.08509913 0.04503161
  0.01772972 0.         0.         0.         0.        ]]
(17, 17)
Simulation complete!
Saving simulation as ./outputs/output.mp4... (may take several minutes)
Saving complete!
Complete! :)
